depthlb depthmb depthhb depthot
   1.000   1.000   1.000   1.000
Circulation in Tampa Bay      1440 internal steps in a tidal cycle (P1)
     DTI  ISPLIT IRAMP
     60.00   10  300
    NSTEPS    IPRINT RESTART    TOR        ADVECT
     70600        60 COLD START PROGNOSTIC NON-LINEAR
     BFRIC       ZOB        NU     ALPHA      TLAG
    0.0025     0.004     0.100     0.225   14400.0
HORZMIX       HORCON     HPRNU
CLOSURE         .002       1.0
VERTMIX         UMOL     VPRNU
CLOSURE      1.0E-05       1.0
Computational History Output Times
         4      1440
  408960  410400  411840  413280
Averaging Interval for Skill Assessment
         6
Location of Computed Time Series Elevation Elements
    6
   64   73   56   71   55   66   50   62   49   57   58   57
Location of Computed Time Series Current Elements
    6
   64   73   56   71   55   66   50   62   49   57   58   57
Location of Computed Time Series Cross Sectional Fluxes
    1
   55   66 IDIR    1
Computational Results for Water Quality Model
         0
Computation start time for concentration residence time
    1
   30240
Time for computing average of salinity (hrs)
         25
Standard Level Depths - Three Levels at near EPC measurements (-3,-5,-7 is Vincent)
    3
      -1.0      -3.0      -6.0
Elevation Boundary Conditions, for tidal forcing, amp (m), phase (min)
   11 TIDE
   17    3   17    4   0.00000
0000.20000 0000.00000 0000.00000 0000.00000 0000.00000
0000.00000 0000.00000 0000.00000 0000.00000 0000.00000
   18    3   18    4   0.00000
0000.20000 0000.00000 0000.00000 0000.00000 0000.00000
0000.00000 0000.00000 0000.00000 0000.00000 0000.00000
   19    3   19    4   0.00000
0000.20000 0000.00000 0000.00000 0000.00000 0000.00000
0000.00000 0000.00000 0000.00000 0000.00000 0000.00000
   20    3   20    4   0.00000
0000.20000 0000.00000 0000.00000 0000.00000 0000.00000
0000.00000 0000.00000 0000.00000 0000.00000 0000.00000
   21    3   21    4   0.00000
0000.20000 0000.00000 0000.00000 0000.00000 0000.00000
0000.00000 0000.00000 0000.00000 0000.00000 0000.00000
   22    3   22    4   0.00000
0000.20000 0000.00000 0000.00000 0000.00000 0000.00000
0000.00000 0000.00000 0000.00000 0000.00000 0000.00000
   23    3   23    4   0.00000
0000.20000 0000.00000 0000.00000 0000.00000 0000.00000
0000.00000 0000.00000 0000.00000 0000.00000 0000.00000
   24    3   24    4   0.00000
0000.20000 0000.00000 0000.00000 0000.00000 0000.00000
0000.00000 0000.00000 0000.00000 0000.00000 0000.00000
   25    3   25    4   0.00000
0000.20000 0000.00000 0000.00000 0000.00000 0000.00000
0000.00000 0000.00000 0000.00000 0000.00000 0000.00000
   26    3   26    4   0.00000
0000.20000 0000.00000 0000.00000 0000.00000 0000.00000
0000.00000 0000.00000 0000.00000 0000.00000 0000.00000
   27    3   27    4   0.00000
0000.20000 0000.00000 0000.00000 0000.00000 0000.00000
0000.00000 0000.00000 0000.00000 0000.00000 0000.00000
TEMP/SAL
    0.0000
 25.0 25.0 25.0
 10.0 10.0 10.0
  0.0  0.0  0.0
 25.0 25.0 25.0
 10.0 10.0 10.0
  0.0  0.0  0.0
 25.0 25.0 25.0
 10.0 10.0 10.0
  0.0  0.0  0.0
 25.0 25.0 25.0
 10.0 10.0 10.0
  0.0  0.0  0.0
 25.0 25.0 25.0
 10.0 10.0 10.0
  0.0  0.0  0.0
 25.0 25.0 25.0
 10.0 10.0 10.0
  0.0  0.0  0.0
 25.0 25.0 25.0
 10.0 10.0 10.0
  0.0  0.0  0.0
 25.0 25.0 25.0
 10.0 10.0 10.0
  0.0  0.0  0.0
 25.0 25.0 25.0
 10.0 10.0 10.0
  0.0  0.0  0.0
 25.0 25.0 25.0
 10.0 10.0 10.0
  0.0  0.0  0.0
 25.0 25.0 25.0
 10.0 10.0 10.0
  0.0  0.0  0.0
90000.0000
 25.0 25.0 25.0
 10.0 10.0 10.0
  0.0  0.0  0.0
 25.0 25.0 25.0
 10.0 10.0 10.0`
  0.0  0.0  0.0
 25.0 25.0 25.0
 10.0 10.0 10.0
  0.0  0.0  0.0
 25.0 25.0 25.0
 10.0 10.0 10.0
  0.0  0.0  0.0
 25.0 25.0 25.0
 10.0 10.0 10.0
  0.0  0.0  0.0
 25.0 25.0 25.0
 10.0 10.0 10.0
  0.0  0.0  0.0
 25.0 25.0 25.0
 10.0 10.0 10.0
  0.0  0.0  0.0
 25.0 25.0 25.0
 10.0 10.0 10.0
  0.0  0.0  0.0
 25.0 25.0 25.0
 10.0 10.0 10.0
  0.0  0.0  0.0
 25.0 25.0 25.0
 10.0 10.0 10.0
  0.0  0.0  0.0
 25.0 25.0 25.0
 10.0 10.0 10.0
  0.0  0.0  0.0
RIVER
   10 
    4   31    3   31  2  3  5 20 30 20 20
    8   42    8   43  2  3  5 20 30 20 20
    8   36    7   36  2  3  5 20 30 20 20
    5   28    4   28  2  3  5 20 30 20 20
   13   40   13   41  2  3  5 20 30 20 20
    9   42    9   43  2  3  5 20 30 20 20
    9   37    8   37  2  3  5 20 30 20 20
   31    9   32    9  2  3  5 20 30 20 20
    6   32    6   33  2  3  5 20 30 20 20
    5   29    4   29  2  3  5 20 30 20 20
      0.00
      0.32      0.36      0.36      0.30      0.29      0.29      0.28      0.28
      0.28      0.29
     25.00     25.00     25.00     25.00     25.00     25.00     25.00     25.00
     25.00     25.00
      0.00      0.00      0.00      0.00      0.00      0.00      0.00      0.00
      0.00      0.00
      0.00      0.00      0.00      0.00      0.00      0.00      0.00      0.00
      0.00      0.00
9999999.99
      0.32      0.36      0.36      0.30      0.29      0.29      0.28      0.28
      0.28      0.29
      25.00     25.00     25.00     25.00     25.00     25.00     25.00     25.00
      25.00     25.00
      0.00      0.00      0.00      0.00      0.00      0.00      0.00      0.00
      0.00      0.00
      0.00      0.00      0.00      0.00      0.00      0.00      0.00      0.00
      0.00      0.00
RUNOFF
    0
METEOROLOGICAL
      0.00
      2.00      0.00      1.37     13.00      0.00 
  50000.00
      2.00      0.00      1.37     13.00      0.00
